2024-10-29 13:35:12.635 [info] Using settings sync service https://vscode-sync.trafficmanager.net/
2024-10-29 13:35:12.635 [info] Auto Sync is enabled.
2024-10-29 13:35:12.635 [info] Auto Sync: Suspended until auth token is available.
2024-10-29 13:35:13.981 [info] Auto Sync: Triggered by Interval
2024-10-29 13:35:13.981 [info] Sync started.
2024-10-29 13:35:14.586 [info] Settings: No changes found during synchronizing settings.
2024-10-29 13:35:14.590 [info] Keybindings: No changes found during synchronizing keybindings.
2024-10-29 13:35:14.592 [info] Snippets: No changes found during synchronizing snippets.
2024-10-29 13:35:14.594 [info] Tasks: No changes found during synchronizing tasks.
2024-10-29 13:35:14.596 [info] GlobalState: No changes found during synchronizing ui state.
2024-10-29 13:35:14.616 [info] Extensions: No changes found during synchronizing extensions.
2024-10-29 13:35:14.617 [info] Profiles: No changes found during synchronizing profiles.
2024-10-29 13:35:14.618 [info] Sync done. Took 639ms
